126762
126763
126764
126765
126766
126767
126768
126769
126770
126771
126772
126773
126774
126775
126776
126777
126778
126779
126780
126781
126782
126783
126784
126785
126786
126787
126788
126789
126790
126791
126792
126793
126794
126795
126796
126797
126798
126799
126800
126801
126802
126803
126804
126805
126806
126807
126808
126809
126810
126811
126812
126813
126814
126815
126816
126817
126818
126819
126820
126821
126822
126823
126824
126825
126826
126828
126829
126830
126831
126832
126833
126834
126835
126836
126837
126838
126839
126840
126841
126842
126843
126844
126845
126846
126847
126848
126849
126850
126851
126852
126853
126854
126856
126857
126858
126859
126860
126861
126862
126863
126864
126865
126866
126867
126868
126869
126870
126873
126874
126875
126876
126877
126878
126879
126880
126881
126882
126883
126884
126885
126886
126887
126888
126889
126890
126892
126893
126894
126895
126896
126897
126898
126899
126900
126901
126902
126903
126904
126905
126906
126907
126908
126909
126910
126911
126912
126913
126914
126915
126916
126917
126918
126919
126920
126921
126922
126923
126924
126925
126926
126927
126928
126930
126931
126932
126933
126934
126935
126936
126937
126938
126939
126940
126941
126942
126943
126945
126946
126947
126948
126949
126950
126952
126953
126954
126955
126956
126957
126958
126959
126960
126961
126962
126963
126965
126966
126967
126977
127006
127011
127045
127058
127169
127193
127218
127235
127242
127261
127272
127288
127289
127301
127327
127389
127639
127650
127686
127698
127925
127958
127959
128075
128077
128391
128573
128698
128707
128761
128939
128975
129148
129574
129954
130063
130632
130641
2489724
2489762
2489774
2489777
2489778
2489788
2489801
2489803
2489804
2489808
2489809
2489810
2489811
2489812
2489813
2489814
2489815
2489823
2489842
2489844
2489847
2489848
2489849
2489850
2489878
2489884
2489904
2489917
2489928
2489941
2489960
2489961
2489962
2489986
2489988
2490007
2490017
2490050
2490151
2490161
2490175
2490178
2490179
2490180
2490181
2490182
2490183
2490198
2490199
2490200
2490201
2490202
2490203
2490204
2490205
2490206
2490207
2490208
2490209
2490210
2490211
2490212
2490213
2490214
2490215
2490216
2490222
2490229
2490247
2490254
2490262
2490281
2490285
2490321
2490333
2490334
2490335
2490336
2490337
2490344
2490345
2490346
2490347
2490358
2490384
2490407
2490431
2490471
2490500
2490503
2490515
2490520
2490529
2490530
2490531
2490532
2490579
2490580
2490581
2490582
2490583
2490590
2490626
2490627
2490637
2490638
2490639
2490640
2490649
2490650
2490653
2490655
2490660
2490663
2490700
2490705
2490725
2490748
2490774
2490780
2490790
2490805
2490806
2490807
2490808
2490809
2490810
2490811
2490812
2490813
2490814
2490815
2490816
2490817
2490818
2490819
2490820
2490821
2490822
2490823
2490824
2490825
2490826
2490828
2490832
2490853
2490883
2490884
2490885
2490886
2490887
2490888
2490889
2490890
2490891
2490892
2490893
2490894
2490895
2490896
2490904
2490906
2490938
2490950
2490964
2490996
2491052
2491053
2491054
2491055
2491056
2491286
2491344
2491345
2491346
2491352
2491449
2491528
2491552
2491571
2491598
2491610
2491634
2491635
2491637
2491638
2491639
2491640
2491641
2491642
2491643
2491644
2491645
2491646
2491647
2491648
2491649
2491650
2491651
2491652
2491653
2491654
2491655
2491656
2491657
2491658
2491659
2491660
2491661
2491662
2491663
2491664
2491665
2491666
2491667
2491668
2491669
2491670
2491671
2491672
2491673
2491674
2491675
2491676
2491678
2491679
2491680
2491681
2491682
2491683
2491684
2491686
2491691
2491716
2491717
2491718
2491719
2491720
2491721
2491722
2491725
2491753
2491756
2491761
2491763
2491764
2491765
2491766
2491767
2491768
2491769
2491770
2491771
2491772
2491773
2491831
2491835
2491841
2491842
2491845
2491849
2491860
2492184
2492185
2492190
2492195
2492197
2492198
2492199
2492205
2492208
2492220
2492222
2492249
2492258
2492301
2492321
2492408
2492412
2492413
2492414
2492415
2492416
2492417
2492418
2492419
2492420
2492421
2492422
2492424
2492444
2492448
2492449
2492450
2492451
2492452
2492453
2492454
2492455
2492456
2492457
2492458
2492459
2492460
2492461
2492462
2492477
2492523
2492525
2492592
2492601
2492602
2492603
2492604
2492605
2492610
2492615
2492623
2492642
2492643
2492651
2492662
2492669
2492671
2492672
2492692
2492700
2492726
2492727
2492728
2492729
2492730
2492731
2492732
2492733
2492734
2492735
2492736
2492737
2492738
2492748
2492771
2492780
2492782
2492787
2492797
2492798
2492822
2492877
2492878
2492879
2492881
2492904
2492921
2492922
2492923
2492924
2492925
2492926
2492927
2492928
2492929
2492932
2492971
2493013
2493029
2493040
2493043
2493044
2493046
2493047
2493048
2493049
2493050
2493052
2493056
2493058
2493059
2493075
2493086
2493118
2493122
2493124
2493152
2493156
2493158
2493160
2493256
2493266
2493267
2493347
2493411
2493457
2493459
2493473
2493506
2493507
2493508
2493509
2493510
2493511
2493512
2493513
2493514
2493525
2493541
2493592
2493609
2493625
2493636
2493640
2493645
2493674
2493738
2493739
2493740
2493741
2493742
2493743
2493744
2493745
2493746
2493747
2493748
2493749
2493761
2493762
2493763
2493764
2493765
2493766
2493767
2493768
2493769
2493770
2493771
2493799
2493836
2493844
2493858
2493916
2493917
2493918
2493919
2493920
2493921
2493922
2493923
2493924
2493925
2493943
2493944
2493945
2493946
2493947
2493948
2493949
2493950
2493951
2493952
2493953
2493987
2494016
2494032
2494034
2494035
2494036
2494048
2494059
2494073
2494098
2494118
2494126
2494162
2494220
2494221
2494222
2494223
2494224
2494225
2494226
2494227
2494228
2494229
2494230
2494231
2494232
2494233
2494234
2494253
2494296
2494324
2494384
2494385
2494386
2494387
2494388
2494390
2494441
2494443
2494444
2494445
2494446
2494453
2494469
2494514
2494516
2494525
2494555
2494556
2494557
2494558
2494559
2494560
2494561
2494562
2494563
2494564
2494565
2494566
2494567
2494568
2494569
2494570
2494572
2494573
2494657
2494662
2494670
2494672
2494691
2494703
2494730
2494731
2494732
2494733
2494734
2494735
2494736
2494737
2494738
2494739
2494745
2494748
2494766
2494768
2494773
2494778
2494785
2494787
2494803
2494805
2494869
2494888
2494904
2494907
2494916
2494917
2494924
2494967
2494984
2495095
2495107
2495137
2495140
2495148
2495188
2495204
2495246
2495247
2495248
2495249
2495250
2495251
2495252
2495253
2495268
2495269
2495271
2495280
2495286
2495297
2495335
2495344
2495345
2495374
2495388
2495389
2495390
2495391
2495394
2495398
2495433
2495434
2495435
2495436
2495452
2495473
2495482
2495508
2495631
2495632
2495633
2495678
2495686
2495707
2495721
2495724
2495760
2495761
2495763
2495765
2495767
2495769
2495796
2495801
2495806
2495817
2495833
2495834
2495835
2495836
2495837
2495838
2495847
2495848
2495849
2495850
2495851
2495852
2495853
2495854
2495855
2495856
2495857
2495858
2495859
2495860
2495861
2495902
2495905
2495906
2495911
2495960
2495997
2496028
2496209
2496210
2496244
2496250
2496254
2496261
2496282
2496322
2496366
2496422
2496437
2496448
2496490
2496538
2496539
2496540
2496541
2496542
2496543
2496544
2496545
2496570
2496572
2496573
2496574
2496575
2496576
2496577
2496578
2496579
2496580
2496583
2496589
2496663
2496688
2496689
2496690
2496691
2496692
2496693
2496699
2496721
2496738
2496739
2496740
2496741
2496742
2496743
2496744
2496745
2496746
2496747
2496748
2496749
2496750
2496751
2496752
2496753
2496754
2496755
2496756
2496757
2496758
2496759
2496760
2496772
2496821
2496822
2496823
2496824
2496825
2496826
2496827
2496828
2496829
2496830
2496831
2496832
2496849
2496860
2496868
2496882
2496890
2496925
2496930
2496937
2496941
2497018
2497086
2497087
2497088
2497189
2497192
2497198
2497207
2497212
2497213
2497227
2497278
2497279
2497280
2497337
2497374
2497375
2497376
2497377
2497378
2497382
2497386
2497387
2497388
2497389
2497390
2497391
2497392
2497393
2497394
2497395
2497396
2497397
2497398
2497399
2497400
2497401
2497480
2497481
2497482
2497483
2497504
2497530
2497531
2497532
2497533
2497534
2497535
2497536
2497537
2497538
2497681
2497682
2497686
2497737
2497738
2497739
2497741
2497742
2497743
2497744
2497745
2497746
2497747
2497748
2497749
2497750
2497751
2497752
2497753
2497754
2497755
2497756
2497757
2497758
2497759
2497760
2497765
2497766
2497854
2497855
2497879
2497883
2497891
2497913
2497923
2497961
2498017
2498044
2498113
2498132
2498143
2498144
2498148
2498150
2498151
2498152
2498153
2498154
2498155
2498156
2498157
2498158
2498159
2498160
2498176
2498183
2498197
2498201
2498203
2498255
2498259
2498263
2498280
2498283
2498285
2498286
2498289
2498290
2498291
2498292
2498294
2498295
2498296
2498297
2498298
2498299
2498312
2498341
2498345
2498346
2498357
2498358
2498359
2498360
2498361
2498362
2498370
2498540
2498541
2498542
2498543
2498572
2498675
2498698
2498722
2498723
2498724
2498725
2498726
2498727
2498728
2498729
2498730
2498731
2498741
2498742
2498743
2498744
2498745
2498746
2498747
2498748
2498749
2498750
2498751
2498752
2498761
2498767
2498808
2499007
2499015
2499020
2499129
2499161
2499219
2499228
2499270
2499272
2499306
2499316
2499344
2499355
2499356
2499395
2499426
2499452
2499488
2499528
2499556
2499561
2499566
2499569
2499623
2499652
2499660
2499663
2499676
2499695
2499735
2499795
2499806
2499809
2499816
2499823
2499825
2499918
2499971
2499977
2500193
2500203
2500218
2500234
2500272
2500312
2500326
2500327
2500328
2500329
2500335
2500337
2500343
2500352
2500358
2500362
2500379
2500404
2500408
2500477
2500489
2500541
2500678
2500680
2500763
2500777
2500785
2500812
2500843
2500849
2500852
2500910
2500918
2500940
2501054
2501075
2501076
2501141
2501159
2501190
2501197
2501228
2501270
2501278
2501296
2501372
2501382
2501384
2501411
2501414
2501423
2501426
2501434
2501440
2501492
2501503
2501513
2501565
2501650
2501651
2501652
2501653
2501655
2501657
2501658
2501666
2501671
2501673
2501680
2501682
2501683
2501685
2501686
2501688
2501696
2501728
2501735
2501754
2501862
2501868
2501908
2501920
2501941
2501960
2501976
2501978
2501985
2502090
2502102
2502103
2502104
2502132
2502139
2502281
2502301
2502325
2502332
2502337
2502338
2502342
2502348
2502349
2502351
2502404
2502419
2502597
2502598
2502599
2502671
2502691
2502857
2502925
2502941
2502951
2502968
2502969
2502975
2502984
2503004
2503006
2503017
2503018
2503052
2503067
2503081
2503154
2503155
2503278
2503287
2503300
2503333
2503473
2503534
2503568
2503581
2503606
2503608
2503621
2503627
2503629
2503642
2503643
2503645
2503648
2503651
2503727
2503831
2503909
2503913
2503960
2503965
2503966
2503972
2504001
2504011
2504031
2504042
2504050
2504067
2504082
2504093
2504095
2504120
2504190
2504203
2504350
2504360
2504364
2504370
2504442
2504467
2504508
2504570
2504594
2504640
2504714
2504781
2504789
2504804
2504880
2504939
2504946
2504970
2505042
2505101
2505138
2505183
2505204
2505486
2505504
2505669
2505670
2505688
2505690
2505696
2505698
2505699
2505704
2505707
2505847
2505851
2505860
2505887
2505908
2505972
2505984
2505990
2506160
2506173
2506185
2506186
2506291
2506302
2506308
2506327
2506360
2506644
2506696
2506733
2506759
2506817
2506951
2506957
2506970
2506989
2507006
2507010
2507053
2507055
2507083
2507085
2507090
2507135
2507139
2507155
2507161
2507187
2507192
2507226
2507379
2507454
2507464
2507504
2507571
2507591
2507618
2507645
2507678
2507786
2507811
2507918
2507943
2507978
2507991
2508019
2508158
2508281
2508330
2508342
2508399
2508423
2508497
2508536
2508635
2508837
2508839
2508928
2508954
2508965
2508976
2508981
2509005
2509041
2509075
2509079
2509080
2509081
2509108
2509112
2509115
2509154
2509165
2509199
2509256
2509262
2509287
2509295
2509298
2509301
2509343
2509345
2509348
2509358
2509363
2509374
2509394
2509574
2509609
2509615
2509650
2509666
2509667
2509688
2509727
2509731
2509736
2509737
2509740
2509744
2509991
2509992
2509993
2509994
2509996
2510044
2510098
2510108
2510130
2510233
2510278
2510302
2510303
2510365
2510420
2510466
2510638
2510649
2510661
2510710
2510718
2510904
2510916
2510921
2510926
2510928
2510938
2510949
2511023
2511058
2511097
2511170
2511174
2511177
2511182
2511183
2511239
2511350
2511372
2511379
2511403
2511485
2511519
2511533
2511534
2511557
2511563
2511618
2511622
2511643
2511644
2511718
2511760
2511763
2511764
2511775
2511776
2511783
2511789
2511790
2511797
2511798
2511806
2511836
2511855
2511883
2511946
2512148
2512179
2512289
2512292
2512313
2512320
2512329
2512332
2512333
2512346
2512357
2512380
2512462
2512535
2512554
2512645
2512648
2512650
2512653
2512656
2512658
2512665
2512674
2512696
2512704
2512705
2512709
2512714
2512720
2512721
2512816
2512820
2512826
2512846
2512850
2513038
2513081
2513109
2513111
2513117
2513123
2513165
2513166
2513172
2513174
2513175
2513184
2513188
2513193
2513225
2513241
2513313
2513336
2513363
2513380
2513415
2513417
2513418
2513419
2513423
2513440
2513501
2513688
2513716
2513808
2513840
2513890
2513921
2514001
2514029
2514030
2514032
2514036
2514053
2514061
2514106
2514114
2514154
2514155
2514157
2514172
2514190
2514207
2514211
2514227
2514242
2514246
2514277
2514309
2514318
2514343
2514358
2514367
2514387
2514388
2514389
2514391
2514419
2514423
2514435
2514448
2514527
2514552
2514626
2514627
2514647
2514696
2514697
2514703
2514717
2514719
2514754
2514799
2514800
2514835
2514841
2514843
2514869
2514910
2514930
2514990
2515009
2515071
2515093
2515099
2515109
2515120
2515156
2515362
2515391
2515417
2515472
2515587
2515592
2515595
2515596
2515627
2515635
2515661
2515669
2515672
2515673
2515675
2515685
2515699
2515727
2515823
2515839
2515842
2515843
2515845
2515874
2515876
2515883
2515930
2515932
2516035
2516040
2516056
2516118
2516119
2516123
2516137
2516175
2516188
2516206
2516208
2516211
2516228
2516257
2516258
2516260
2516286
2516301
2516308
2516310
2516350
2516353
2516390
2516419
2516425
2516433
2516461
2516483
2516494
2516516
2516546
2516559
2516572
2516579
2516584
2516609
2516648
2516658
2516700
2516717
2516753
2516787
2516800
2516801
2516806
2516815
2516820
2516826
2516829
2516842
2516848
2516849
2516855
2516856
2516862
2516863
2516864
2516865
2516869
2516876
2516889
2516897
2516898
2516899
2516957
2516996
2517015
2517053
2517177
2517181
2517204
2517211
2517319
2517323
2517388
2517538
2517874
2518186
2518188
2518191
2518212
2518215
2518228
2518236
2518238
2518240
2518243
2518244
2518289
2518291
2518292
2518294
2518295
2518513
2518520
2518562
2518646
2518647
2518650
2518656
2518657
2518810
2518811
2518818
2518822
2518980
2519016
2519568
2519616
2519677
2519817
2519818
2519878
2519950
2520013
2520014
2520018
2520019
2520024
2520028
2520035
2520036
2520040
2520052
2520053
2520134
2520182
2520389
2520434
2520716
2520927
2520963
2520965
2520967
2520970
2520972
2521190
2521192
2521195
2521209
2521211
2521213
2521217
2521221
2521379
2521484
2521703
2521754
2521755
2521936
2521992
2522005
2522009
2522010
2522011
2522012
2522015
2522117
2522194
2522498
2522500
2522721
2522723
2523401
2523423
2523446
2523456
2523469
2523684
2523687
2523688
2523690
2523697
2523700
2523706
2523707
2523708
2523709
2523721
2523723
2523732
2523816
2523823
2523848
2523923
2523928
2524158
2524255
2524472
2524737
2524755
2524858
2525028
2525029
2525300
2525484
2525486
2525554
2525566
2525642
2525644
2525900
2525919
2526045
2526047
2526061
2526075
2526088
2526110
2526316
2526323
2526481
2526501
2526884
2526888
2527011
2527012
2527424
2527529
2527583
2527943
2527955
2528154
2528961
2529208
2529210
2529262
2529264
2529339
2529763
2529881
2530357
2530514
2530518
2530521
2531043
2531069
2531238
2531243
2531245
2531248
2531391
2531402
2531545
2531610
2531699
2531701
2531703
2531707
2531712
2531713
2531717
2531740
2531741
2531784
2531796
2531810
2531815
2531881
2531882
2531890
2532407
2532430
2532939
2532949
2532950
2533051
2533052
2533055
2533059
2533149
2533395
2533403
2533593
2533769
2533773
2533946
2534101
2534608
2535359
2535372
2535578
2535760
2536275
2536276
2536285
2536286
2536287
2536294
2536399
2536403
2536404
2536407
2536408
2536409
2536410
2536412
2536414
2536425
2536427
2536500
2536503
2536529
2536689
2536695
2537341
2537362
2538096
2538133
2538292
2538343
2538374
2538437
2538451
2538588
2538981
2539058
2539060
2539065
2539068
2539557
2539654
2540932
2541134
2541145
2541151
2541153
2541155
2541177
2541184
2541186
2541364
2541450
2541584
2541633
2541707
2541710
2541839
2541842
2541869
2541884
2541991
2542328
2542398
2542598
2542603
2542616
2542618
2542619
2542629
2542637
2543156
2543449
2543501
2543581
2543582
2543846
2543855
2544084
2544113
2544115
2544528
2544632
2544699
2544757
2544846
2545006
2545012
2545349
2545364
2545518
2545523
2545854
2545964
2545984
2546644
2546645
2546822
2547204
2547226
2547315
2547328
2547336
2547338
2547339
2547351
2547797
2548128
2548172
2548177
2548609
2548610
2548966
2548978
2548980
2548986
2549465
2549758
2549760
2549768
2549772
2550264
2550275
2550291
2550478
2550654
2550656
2550667
2550668
2550679
2551060
2551061
2551066
2551067
2551198
2551617
2551620
2551623
2552317
2552695
2552696
2552699
2552704
2552712
2552715
2552882
2553223
2553392
2553399
2553408
2553548
2553563
2553599
2553763
2553764
2553765
2553943
2553945
2553950
2553967
2553970
2553972
2554425
2554430
2554432
2554436
2554439
2554443
2554630
2554702
2554760
2554810
2554811
2554812
2554877
2554886
2554890
2554901
2554904
2554907
2554914
2554923
2554924
2554925
2554928
2554929
2554934
2554941
2554942
2555316
2555346
2555350
2555409
2555414
2555867
2555875
2556035
2556042
2556156
2556179
2556358
2556871
2556882
2556908
2557030
2557032
2557034
2557035
2557037
2557042
2557052
2557053
2557149
2557528
2557533
2557535
2557541
2557558
2557732
2557912
2557922
2557950
2557952
2558004
2558318
2558323
2558368
2558663
2559164
2559194
2559234
2559507
2559763
2560274
2560576
2560942
2561038
2561041
2561373
2561729
2562159
2562176
2562201
2562202
2562469
2562645
2562804
2562809
2563356
2563357
2563476
2563551
2563651
2564537
2564653
2564855
2564856
2564861
2564864
2564877
2564941
2564970
2565150
2565442
2565444
2565445
2565564
2565579
2565788
2565789
2565935
2566340
2566373
2566396
2566510
2566520
2566591
2566773
2566777
2566845
2566850
2566867
2566880
2566882
2566983
2567124
2567729
2568184
2568646
2568647
2568648
2569014
2569017
2569018
2569020
2569023
2569024
2569043
2569470
2569802
2569806
2569814
2569977
2569978
2569979
2570092
2570144
2570164
2570176
2570239
2570501
2571054
2571060
2571284
2571288
2571479
2571522
2571623
2571625
2571636
2571874
2571882
2571883
2572212
2572242
2572328
2572331
2572377
2572381
2572407
2572411
2572425
2572433
2572495
2572498
2572536
2572543
2572632
2572637
2572642
2572646
2572650
2572652
2572660
2572663
2572677
2572678
2572682
2572872
2572874
2573678
2573700
2573717
2573722
2573725
2573748
2574521
2574621
2574629
2574649
2574652
2574944
2574945
2574946
2574950
2574951
2574953
2574959
2574960
2574973
2574974
2574998
2574999
2575000
2575132
2575252
2575334
2575426
2575534
2575540
2575545
2575641
2575642
2575697
2575828
2576541
2576823
2577192
2577571
2577581
2577585
2577916
2577919
2578027
2578048
2578078
2578410
2578411
2578412
2578424
2578683
2578701
2578820
2578821
2579822
2580013
2580033
2580244
2580379
2580391
2580395
2580450
2580652
2580663
2580665
2580666
2580667
2580669
2580675
2580686
2580688
2580703
2580706
2580708
2580725
2580726
2580731
2580825
2580831
2580848
2580852
2580855
2580900
2580914
2580915
2580920
2580926
2580927
2581340
2581455
2581889
2581893
2581906
2582418
2583250
2584130
2584150
2584415
2584579
2584835
2585344
2585366
2585473
2585664
2585837
2586016
2587153
2587770
2588469
2588634
2588692
2588760
2590296
2590401
2590686
2590795
2590817
2591286
2591595
2591898
2592051
2592054
2592094
2592100
2592120
2592183
2592184
2592192
2592255
2592321
2592327
2592332
2592333
2592391
2592559
2592560
2592620
2592621
2592622
2592846
2592886
2592887
2592888
2593067
2593178
2593336
2593342
2593343
2593345
2593346
2593349
2593352
2593357
2593358
2594183
2594193
2594574
2594576
2594595
2594641
2594642
2594646
2594648
2594658
2594660
2594666
2594667
2594669
2594678
2594688
2594690
2594691
2594753
2594965
2594970
2594985
2595080
2595304
2595312
2595628
2595629
2595630
2595632
2595639
2595643
2595653
2595680
2595728
2595868
2595869
2595871
2596642
2597136
2597151
2597153
2597160
2597171
2597176
2597177
2597222
2597237
2597241
2597246
2597247
2597248
2597266
2597316
2597987
2598001
2598003
2598005
2598014
2598078
2598432
2598433
2598435
2598454
2599493
2599559
2599567
2599728
2599907
2599908
2599945
2600098
2600268
2600850
2601039
2601442
2601444
2601503
2601678
2601694
2601790
2601807
2602111
2602180
2602183
2602184
2602347
2602394
2602395
2602519
2602652
2602947
2603091
2603104
2603647
2603662
2603879
2604009
2604278
2604553
2604557
2604563
2604564
2604581
2604919
2604964
2604980
2606068
2606118
2606151
2606152
2606178
2606383
2606384
2606401
2606417
2606495
2606555
2606572
2606573
2606815
2607000
2607097
2607106
2607111
2607114
2607116
2607118
2607145
2607147
2607151
2607266
2607268
2607269
2607271
2607272
2607273
2607279
2607284
2607339
2607771
2608297
2608321
2608330
2608332
2608333
2608444
2608454
2608455
2608456
2608457
2608485
2608547
2608571
2608682
2608816
2608820
2608821
2608822
2608823
2608826
2608837
2608917
2608921
2608923
2608944
2608946
2608956
2609002
2609963
2610386
2610513
2610547
2610655
2610721
2610760
2611456
2611737
2611785
2612118
2612263
2612420
2612890
2612942
2613549
2613787
2613871
2613872
2613873
2615951
2615998
2616441
2616447
2616449
2616457
2616461
2616467
2616478
2616486
2616932
2616933
2616935
2616936
2617000
2617015
2617020
2617032
2617376
2617523
2617779
2617897
2617898
2617899
2617945
2618372
2618707
2619078
2619081
2619083
2619169
2619187
2619298
2619301
2619351
2619364
2619376
2619380
2619612
2619629
2619631
2619635
2619636
2619795
2620032
2620033
2620037
2620039
2620076
2620174
2620177
2620181
2620214
2620261
2620276
2620279
2620281
2620287
2620309
2620511
2620519
2620550
2620552
2620625
2620627
2620681
2620682
2620683
2621012
2621275
2621650
2621652
2621670
2621776
2621798
2621986
2621989
2622000
2622001
2622008
2622580
2622581
2622583
2622750
2622757
2622773
2622775
2622776
2622779
2622785
2622787
2622790
2622800
2623210
2623211
2623342
2623502
2623672
2623858
2623863
2623866
2623878
2623889
2623891
2623892
2623902
2623906
2624542
2624548
2624551
2624568
2624756
2625308
2625393
2625435
2625467
2625496
2626181
2626341
2626698
2626870
2627150
2627151
2627226
2627340
2627343
2627364
2627368
2627375
2627432
2627434
2627435
2627444
2627447
2627448
2627991
2628195
2628601
2628729
2628912
2629386
2629926
2630061
2630075
2630121
2630124
2630426
2630431
2630436
2630537
2630544
2630550
2630558
2630568
2630641
2630643
2631434
2631464
2631494
2631499
2631502
2631513
2631581
2631632
2631785
2631787
2631826
2631917
2631985
2632472
2633218
2633304
2633312
2633317
2633325
2633327
2633332
2633333
2633433
2633448
2633449
2633455
2633462
2633463
2633484
2633750
2633837
2633838
2634031
2634595
2634707
2634872
2634905
2635042
2635269
2635700
2635790
2635809
2635842
2635845
2635950
2635951
2635952
2635953
2635955
2635956
2635962
2636010
2636282
2636283
2636297
2636316
2636784
2636799
2636894
2637004
2637005
2637634
2637924
2637926
2637928
2637931
2637936
2637942
2637944
2638015
2638132
2638282
2638283
2638338
2638412
2638413
2638417
2638421
2638424
2638428
2638439
2638442
2638453
2638454
2638476
2638795
2638909
2638914
2639299
2639421
2639425
2639436
2640178
2640324
2640325
2640349
2640357
2640427
2640898
